1108055105570590721
1108055190958006273
1108055312961945600
1108055537596416000
1108055655842283520
1108055667640815624
1108055819537575936
1108056123851132928
1108056124287258625
1108056160836288512
1108056392844234752
1108056420857962496
1108056466043351041
1108056538520932354
1108056552995463170
1108056755748159492
1108056769316749313
1108056946949517312
1108057021268529152
1108057028453380096
1108057040310558720
1108057140953051136
1108057258020216833
1108057417311571968
1108057466095521792
1108057537440632833
1108057690146787329
1108057717581799425
1108057747205976066
1108057748070121472
1108057828118482949
1108057838390251520
1108057867792330757
1108057882358996992
1108057928689303553
1108057964106137601
1108058136185704448
1108058194721628162
1108058199330947072
1108058307820847104
1108058321116749824
1108058323918688256
1108058346882584576
1108058346953699328
1108058404357058560
1108058428742598656
1108058507750760450
1108058586645741572
1108058597248913414
1108058611606061056
1108058626776842240
1108058840669581319
1108058917068828673
1108058962627317763
1108059102402539520
1108059236444049408
1108059284473024512
1108059385601748992
1108059403188486149
1108059427259609088
1108059442430525441
1108059455537725441
1108059630545104896
1108060114358059014
1108060193366040577
1108060329941053440
1108060406625513477
1108060413671952386
1108060539010367488
1108060647605104641
1108060687056674818
1108060919588966401
1108061073876246529
1108061217359388673
1108061269796503553
1108061297684463616
1108061382581338114
1108061399090188288
1108061434397839360
1108061557869600768
1108061673334542336
1108061707283369990
1108061768025362433
1108061788132855808
1108061811750903808
1108061951610052608
1108061966508179466
1108062119528812544
1108062208838250497
1108062233425309696
1108062357672984577
1108062440070230016
1108062448119103488
1108062573176471552
1108062854446497792
1108062967378128896
1108063045828243456
1108063171485540352
1108063365379682304
1108063428638183424
1108063631630053376
1108063634146672640
1108063675187953667
1108063690710872064
1108063831312326656
1108063918247698433
1108063953752637440
1108063999390830592
1108064083130179584
1108064229528166400
1108064245432885248
1108064250621296641
1108064313623920640
1108064368485228544
1108064499834195970
1108064570290159616
1108064600371585024
1108064652737630209
1108064808622948352
1108064951195918336
1108065040215625735
1108065165260541953
1108065195115446273
1108065313650823168
1108065376145940481
1108065398874738689
1108065485650886658
1108065544278675456
1108065624171954176
1108065810411601921
1108065813905444865
1108065961939091456
1108066104675573760
1108066140415295489
1108066199080964096
1108066236108337154
1108066323181924352
1108066483144409088
1108066541323595776
1108066891967447041
1108066967124996096
1108067006044139522
1108067103289028608
1108067154484752385
1108067225355739137
1108067231760474112
1108067389286039554
1108067850227539969
1108068043865903105
1108068222715265025
1108068574562791424
1108068576823599104
1108068684604424192
1108068947289690113
1108069162579124224
1108069262806171650
1108069262978101250
1108069298776522752
1108069450379681793
1108069527634481154
1108069695591194624
1108069715329474560
1108069739967008773
1108069823605547008
1108069845222985728
1108069942258221057
1108070092028432384
1108070109803769856
1108070143786143745
1108070265823490048
1108070324581687296
1108070674076233728
1108070796264648704
1108070842452316161
1108070850043887616
1108070966243016704
1108071159650762753
1108071181746343936
1108071304710766592
1108071339791781888
1108071345596911616
1108071360679546880
1108071608298541056
1108071757225680896
1108071904668237826
1108071986146828288
1108072006941995008
1108072327370039297
1108072417061163015
1108072442327678977
1108072541636214791
1108072720699482113
1108073096152387584
1108073247621500928
1108073249877835776
1108073373475790849
1108073621702897664
1108073786375585793
1108074033327726592
1108074061676990464
1108074333337997312
1108074449620881408
1108074494319562752
1108074587277930497
1108074600875941891
1108074819424268289
1108074839481425925
1108075156180738049
1108075294223675394
1108075497760669696
1108075585429897216
1108075612084666368
1108075721807839232
1108075780179787776
1108075791974387714
1108075854595276800
1108075901751910400
1108075936338100230
1108075984723562498
1108076027165712392
1108076122867154944
1108076286147215360
1108076296955817984
1108076355089063938
1108076425427341312
1108076573465309184
1108076593434558464
1108076767200317441
1108077032225726464
1108077143878062080
1108077211008069632
1108077267564007425
1108077464935383042
1108077868251119616
1108077929135665152
1108078004897488896
1108078051420717057
1108078330916438016
1108078668755009538
1108078755975741440
1108078761965174786
1108078926549573632
1108079058578038785
1108079075011317761
1108079116740452353
1108079807831724032
1108080017320353793
1108080022596800512
1108080060140011521
1108080195410542594
1108080324276215809
1108080386268119042
1108080464223440896
1108080472196669440
1108080575905054720
1108080722735177729
1108080860710879232
1108080862527012864
1108081029368037376
1108081720811634688
1108082089256255489
1108082493486497794
1108082574893690880
1108082812136116224
1108083113240870912
1108083327108632581
1108083497485459457
1108083632864935941
1108083668835332105
1108083952252645376
1108084035169980416
1108084087305261062
1108084297506779137
1108084311293464576
1108084420643352576
1108084745022423041
1108085114603479049
1108085176419020800
1108085243574140931
1108085293104726016
1108085298448224256
1108085356845359104
1108085486390861824
1108085490606059521
1108085526345760770
1108086314027540480
1108086450522935296
1108086698112483328
1108086807449743361
1108087047657381888
1108087072185823235
1108087154251436037
1108087686575853568
1108087731601715202
1108088130811424772
1108088337900937216
1108088382108905472
1108088510198808580
1108088516775477249
1108088595192139781
1108088694630744064
1108088998659014656
1108089335474204672
1108089521223159808
1108089718472757248
1108089891898961920
1108089892737699840
1108089949193207808
1108090544780124162
1108090606180622339
1108090821255921664
1108091040395743232
1108091096184152064
1108091293803126784
1108091360836374528
1108091396651536385
1108091566764113920
1108091755558141953
1108091811443159046
1108091878078058499
1108092079391932416
1108092345269080065
1108092423845097472
1108092494091354114
1108092677764145153
1108092692968280069
1108092693018640384
1108092800082563073
1108092837940334592
1108092905783214087
1108093283769688069
1108093392599375872
1108093393895415808
1108093575374372864
1108093631787868160
1108093810133872640
1108093954359070720
1108094321373442048
1108094340230987778
1108094411374764033
1108094581508321281
1108094583894929410
1108094895519084544
1108095000800190464
1108095088096436224
1108095088574582785
1108095262730448896
1108095308507082753
1108095355688607744
1108095612451520515
1108095637248245760
1108096168305803271
1108096250908413953
1108096519197073411
1108096684318490626
1108097076796096513
1108097188511440896
1108097194844979201
1108097230714613761
1108097246959153157
1108097303536033793
1108097810627465216
1108097939006767105
1108098302904549377
1108098469145673728
1108098537487769601
1108098773731807233
1108098911711956993
1108098925230206981
1108098949779468293
1108098988711071750
1108099023620194304
1108099217514356736
1108099375572480000
1108099400549580800
1108099475107655682
1108099566593863681
1108099846630604800
1108100216836640768
1108100304208166912
1108100564263620618
1108100869462073347
1108100998357225474
1108101065478557696
1108101082767450112
1108101231241768960
1108101483407400960
1108101505045934080
1108101749238386688
1108101855098359813
1108101911905861632
1108101914636488704
1108102594134720513
1108102821335965697
1108102833914736640
1108103055214432256
1108103203977981957
1108103492714090497
1108103655167803393
1108104007262851073
1108104145171607553
1108104735297626114
1108105569829830657
1108105604927815680
1108105682010537984
1108105840911966209
1108106094239469568
1108106227224141824
1108106545018142722
1108106657475842048
1108106829228179456
1108106939551150080
1108107097219219457
1108107136137986048
1108107205415444482
1108107278446723073
1108107488321290240
1108107520785158145
1108107746866548742
1108107755985006592
1108107837606162435
1108107844656791556
1108108135988772864
1108108279798992898
1108108293459922944
1108109260083224576
1108109360989798401
1108109424676081664
1108109943331160064
1108110342922686466
1108110368893628416
1108110549072662529
1108110561634467840
1108110627816394752
1108110671114309632
1108110701497856000
1108111148707135488
1108111516836855808
1108111586848321537
1108111617101840389
1108111712455024640
1108111850065948672
1108111921109184513
1108112043947757568
1108112191385817089
1108113337076850689
1108113627733786625
1108114010455633921
1108114060971782144
1108114103271346177
1108114517379174402
1108114557480910848
1108114652796325888
1108114704264630272
1108114866554966017
1108115339999698946
1108115427031502848
1108115444047572992
1108116006831120385
1108116016427614210
1108116389552943105
1108116595249946625
1108116826683260929
1108117025283403776
1108117131558899717
1108117214815764480
1108117749719617537
1108117997925871617
1108118067161251840
1108118115911696389
1108118423983308800
1108118781082157062
1108118785549053953
1108119012028882945
1108119040848023557
1108119341218885633
1108119385238110208
1108119458961330176
1108119783080448000
1108119802395136000
1108119888923635714
1108120154045587461
1108120174853537792
1108120178020237312
1108120406265905153
1108120546414338048
1108120725607583749
1108120790975827969
1108121003421560832
1108121225174413312
1108121547657658368
1108121786166579201
1108122080451670016
1108122527807623168
1108122952179027969
1108122978506690565
1108123546289688577
1108123548919517190
1108123740334972928
1108124084536147968
1108124097207255047
1108124212969893888
1108124330993614848
1108124534182428672
1108124660611325952
1108125070201901056
1108125200959193088
1108125404404088832
1108126642264784896
1108126794152964096
1108126948591431680
1108127365681471488
1108128086225088512
1108128096987824128
1108129296999170049
1108129385490595841
1108129396970254337
1108129437067825152
1108129622305239041
1108129651799584768
1108129693662765056
1108129880187826176
1108130017836453889
1108130078016319493
1108130186673967105
1108130352432906250
1108131527664250880
1108131633742471168
1108131785743962112
1108131788034064384
1108131836377645057
1108132043873935362
1108132668095582209
1108133594608869379
1108134225860022274
1108134313176911874
1108134544094326785
1108134756510822400
1108134786508513281
1108134824600981504
1108135540216467456
1108135588740255745
1108135626828845058
1108135766868267008
1108135868751998977
1108136084175769600
1108136426015592448
1108136607545200641
1108136769604800513
1108136781550100481
1108137008847880192
1108137212472946689
1108137230319656960
1108137253048594432
1108137502722965504
1108137631492141062
1108137975945269248
1108138251737579522
1108138302287171584
1108139152946667520
1108139508833370112
1108139748533518336
1108140280086257664
1108140844010352645
1108140991431663616
1108141651774660608
1108141655180234752
1108141728412983296
1108142194597261312
1108142206433546240
1108142210443345920
1108142284262932481
1108142306669023237
1108142970702696448
1108143044044427265
1108143111279132675
1108143159836590082
1108143789410054144
1108143977843314688
1108144116871774208
1108144200179171328
1108144214368505857
1108144310690697216
1108144450742771712
1108144636357423104
1108144681840533505
1108144879979384834
1108145048678477825
1108145430662127616
1108145479479635969
1108145924126228480
1108146053650501632
1108146226363617280
1108146806947569667
1108147132135923713
1108147336507727872
1108147808794824704
1108147903212589056
1108148031113830401
1108148223372345345
1108148374388252672
1108148474888052736
1108148659269627909
1108149089106124800
1108149234082201601
1108149800585842688
1108150074381660161
1108150120825024512
1108150152311693312
1108150282645659655
1108150440405823488
1108150467085942784
1108150543556308992
1108150836121821186
1108151121414184966
1108151331309711361
1108151363832344579
1108151720201371648
1108152210330927110
1108153021559652352
1108153052127621120
1108153209984634880
1108153859510292482
1108154308011413504
1108154393965166592
1108154439167283200
1108155039074402304
1108155134431895552
1108155327038525447
1108155572334010368
1108155755704647680
1108156106046476288
1108156279577411585
1108156328567103489
1108156776837451776
1108156792129941504
1108156978730356737
1108156998317678594
1108157061764919297
1108157441621921794
1108158139550130176
1108158165483483136
1108158223603900416
1108158270827565056
1108158987889975297
1108158989353828352
1108159255604088834
1108159306661285890
1108159739547013123
1108160149578047488
1108162052109922304
1108162311271919623
1108162381719523328
1108162659218792448
1108162958591434753
1108163252612198400
1108163424129708032
1108163438382116867
1108163520418533381
1108163579184906240
1108164297186779136
1108164411410300928
1108165181727784961
1108166293968961536
1108166403943788544
1108166811311370241
1108166858795044864
1108167410140528640
1108167761182838784
1108167836793483264
1108168013235273728
1108168125952999424
1108168824367386624
1108168830679867392
1108169032736243712
1108169427156033536
1108169561831034881
1108170800287436803
1108171243088285696
1108171363532062720
1108171862255775745
1108171948109062144
1108172306914910208
1108172402930913280
1108172516315578369
1108172799225593856
1108172960756465664
1108173007669870592
1108173150527934465
1108173539943694336
1108173655815712768
1108173778759098368
1108174885271019525
1108175296308477953
1108176289863749635
1108177057547063296
1108177776060911616
1108178077119639552
1108178114205503488
1108178418015916032
1108178492024184832
1108178503369981953
1108178872799883264
1108178905599496192
1108179077423394816
1108179841130643457
1108180171130064896
1108180217787547648
1108180701680189440
1108180853241204736
1108180936066256896
1108180937257422848
1108181042207383553
1108181133764644864
1108181172343865344
1108181686230102016
1108181759072628736
1108181921979342857
1108182073741737984
1108182258626641920
1108183082845327361
1108183185727414273
1108183750964318209
1108184192448372737
1108184248505249792
1108184828048924672
1108186503522320384
1108186577975627777
1108186803478106114
1108187157850738688
1108187751806046210
1108187836778455040
1108187968576122880
1108187974586363906
1108187995625021440
1108188149807751168
1108188387846950912
1108188766093672454
1108189252767105024
1108189481113272322
1108189521043034113
1108189819492921344
1108190371765317632
1108190927720452097
1108191238057017344
1108191397490905090
1108191401282555904
1108192960393502725
1108193152765255681
1108193458244726784
1108193477618089984
1108193848549728256
1108193956280578050
1108194211894038528
1108194737045954561
1108194852976525313
1108194883288756225
1108195234901622792
1108195414199730176
1108195458390872064
1108195782908248064
1108196847657648128
1108196958076731392
1108197459623399424
1108198904754069505
1108199095561117696
1108199118692909056
1108199421211217920
1108199636706250752
1108200016005484544
1108200318750343173
1108201614920294400
1108202521909252096
1108203042715959296
1108203322366926853
1108203333163118592
1108203967748677633
1108204697125642240
1108204921088868353
1108205091872563200
1108206901928423424
1108207206879645696
1108207339956592641
1108207550376247300
1108207648271486976
1108207854878707723
1108207864601104390
1108207897446662144
1108209095411200000
1108209205289213952
1108210750106021890
1108210843290746881
1108211391209578496
1108211410268491778
1108211808710516737
1108212384601174017
1108212748377358336
1108212804601835520
1108212820674404352
1108213305091383296
1108213351815905281
1108213493466050560
1108213735812812800
1108213846701821953
1108214373519147008
1108214980858400768
1108215134776774656
1108215194428289024
1108215622113079296
1108218224120750080
1108218490350174208
1108218513104109570
1108218516774236162
1108218881531920384
1108219686699687941
1108220144914972673
1108220689000157185
1108221720178184192
1108223392484859904
1108224320797663232
1108224449768275969
1108224744476893184
1108224755675488256
1108224873401409536
1108225167262662657
1108225714522939392
1108225972581687296
1108226134033027072
1108226249443418112
1108226368012201985
1108226865838342144
1108227444668981248
1108227541360214016
1108229273435824128
1108229618794930177
1108230256014647296
1108230283726409730
1108230284300840960
1108231256146358272
1108231281861492736
1108231520089591809
1108231593426980865
1108232952591339520
1108233038196961280
1108233208561201152
1108233755716521984
1108234222152515584
1108234596552863744
1108234641436114944
1108236724277252096
1108238225758408704
1108238619746004992
1108238739707318272
1108238998038704128
1108239727436664832
1108241281355055109
1108241540361523200
1108241594644336641
1108242714972180487
1108242721859354625
1108243685907542017
1108245453295022080
1108246408975388672
1108246961956753408
1108249075718062080
1108249582549508096
1108251518891753474
1108251761146544128
1108253010289938433
1108253175830716419
1108253348623335424
1108259618843582464
1108259694613807104
1108261257298223105
1108263134312218624
1108267442600583168
1108267639384825856
1108269689526874113
1108269806002806785
1108271728642277376
1108271734606696454
1108272070272540674
1108273612291756032
1108274790303977474
1108274955941277696
1108277262108053504
1108278548761055233
1108279333821579265
1108282670255988736
1108282697401536512
1108283105004216320
1108284907099443201
1108285435145609226
1108285474798555136
1108290090244210690
1108290454485786624
1108292143246905345
1108292495862128640
1108292589566873600
1108297729338413057
1108299796056555520
1108300605137797120
1108300843231653888
1108305285083553792
1108309583263608833
1108310618329763840
1108311190210600960
1108314393761193984
1108314641812385792
1108315050975084544
1108316440673861632
1108316622102630400
1108319093613047809
1108320084534218753
1108321220037103616
1108321477336752128
1108323025101815810
1108325044978155520
1108325951731949574
1108326358495703040
1108326435587002368
1108327072936660992
1108327176871526402
1108327880478679040
1108328581330059269
1108328984847237120
1108329134764249088
1108329326301335552
1108329346291433474
1108330917809086464
1108331534442999809
1108331662369267713
1108331825267687427
1108332426009427970
1108333321392701440
1108334195796000769
1108334827151986689
1108335713089736714
1108336712734908418
1108336985951748098
1108337137232080896
1108337240978194434
1108337855099781125
1108338070049431552
1108338252442947585
1108338374467829761
1108338380620943360
1108340083789320192
1108340657158930433
1108340773098061824
1108341801159528448
1108342670026592256
1108342706030301185
1108342793649471489
1108342936658472960
1108343627137409024
1108344059385524229
1108344363376087041
1108345859740192773
1108345964031602688
1108346282135961601
1108346477045260288
1108346620888924162
1108346664308408320
1108347112423596033
1108347266149040132
1108348242671136770
1108348264716357632
1108349016054464513
1108349100095930370
1108349315972423681
1108349414794498048
1108349524391673856
1108349798418210816
1108350085400793088
1108350720204521473
1108350726345031681
1108351283323392001
1108351539788288000
1108352202748448770
1108352291403378688
1108353573031763969
1108354641077698560
1108355536255438848
1108356148183228418
1108356323287142400
1108356483815596033
1108357556513046528
1108358145498206209
1108358160996286464
1108358857967968258
1108359348865114112
1108359348865114112
1108360457394548736
1108361027328958465
1108361032223858689
1108361819842854913
1108363212632805377
1108363371563364353
1108363944975106048
1108364255592615938
1108364528759144448
1108365039680081921
1108366347040444416
1108367373936062464
1108367830939066368
1108369060679610371
1108369224408403968
1108369864287109123
1108370209348485120
1108371395602337792
1108371644207161345
1108371799757197313
1108371855180816384
1108372874589401088
1108372952943415296
1108373102264807424
1108373348881518592
1108373654109335553
1108375437183512581
1108375452064858112
1108375974729535493
1108377048760963072
1108378023563276289
1108379680409686016
1108379832528916480
1108383332566552581
1108384216730009600
1108384321444999169
1108385227502608386
1108386729826742272
1108388115742445568
1108388123996770304
1108388195606163456
1108388440272502785
1108388577287852035
1108389044206080000
1108389053777371136
1108389903790993408
1108390055947714560
1108390465076948993
1108391625586290688
1108391680212979712
1108391806989975552
1108391968717959168
1108392585490395136
1108392898305933312
1108393138736021504
1108393525853519873
1108394058777616387
1108395152060620802
1108395459574460417
1108395545196986370
1108397189938798592
1108397646467731456
1108398200543678466
1108399436315672577
1108400523231879169
1108401425296605184
1108401431357341697
1108401471169662978
1108401991854837763
1108403887801856000
1108404812511617024
1108405967190933506
1108406307676139527
1108407504357216256
1108408603000475655
1108408761444634625
1108409631448199169
1108409826147590144
1108410892956459009
1108412124152381441
1108412292180393985
1108412705986306048
1108413071603699713
1108414517233569793
1108415795887890433
1108415851059970049
1108417391548084224
1108417473517367299
1108418306220818439
1108419937813651456
1108419979937017857
1108420483345608704
1108420719191314433
1108421130086436864
1108421572585508865
1108423524081983488
1108423742806507522
1108425359672991744
1108427969729429504
1108429686290288640
1108430923844874240
1108431529410289664
1108433130757734407
1108433159753031680
1108434859565834240
1108436937495465985
1108438361352622081
1108439547896102917
1108441695572484096
1108446008265068547
1108448808701227008
1108450351391203328
1108451264424275969
1108453301165666305
1108457339185618944
1108461737492267008
1108463795498827776
1108465529986187264
1108468475628945408
1108469339005640705
1108473104714645504
1108473265733992449
1108474358551334912
1108484269318516743
1108489331495174144
1108490166212194304
1108492413692268544
1108494533514399745
1108495016194949122
1108497910390554627
1108501503722119168
1108514282713608193
1108515309445660672
1108517270937047040
1108527851614158848
1108535032887558144
1108537445702946816
1108539281495216128
1108549061580374017
1108549907147677697
1108554268792049664
1108570241821536256
1108577173974081536
1108585419309019136
1108597762235473920
1108612718746091520
1108619746319187968
1108718190664785920
1108722250650472448
1108732189754224646
1108734428271001601
1108742024893743105
1108763141381472257
1108767389926207488
1108790891337138176
1108820081922830336
1108824265648939008
1108840012722901000
1108853967000358918
1108863751413862402
1108875514696089600
1108879156895469568
1108891787391918080
1108912118034825217
1108916263361875969
1108928886815883264