1117966167040249856
1117966241887551488
1117966275681058816
1117966412016840704
1117966470934409216
1117966602337701888
1117966676002246656
1117966687859507200
1117966713688076291
1117966714724061184
1117966751294263296
1117966773305741312
1117966837088772097
1117966886342291456
1117966953836974080
1117966979489394688
1117967072540147712
1117967195802349568
1117967217587474432
1117967354091061248
1117967392603172864
1117967483338727424
1117967509418926081
1117967548648165376
1117967610333859841
1117967740424413185
1117967811861782528
1117967839661395969
1117967896007856135
1117967975942959105
1117968080506949632
1117968115264970753
1117968116166868992
1117968197607727104
1117968396623187968
1117968403963305985
1117968453539749888
1117968485160763397
1117968535802843137
1117968687070269440
1117968717302906880
1117968755047501824
1117968806016634885
1117968826891677698
1117968830725115905
1117968848018378752
1117968886517981186
1117968927563374593
1117968928041345025
1117968939697545218
1117969046031331328
1117969137219727360
1117969402169835521
1117969482335641600
1117969882144964608
1117969971953459200
1117970143898939392
1117970286354132993
1117970431690981376
1117970564063186944
1117970609428844545
1117970614436925442
1117970833077567488
1117970849250758658
1117970919094390784
1117970942385213441
1117971112673984515
1117971148929753088
1117971159230763008
1117971237727277056
1117971269993943040
1117971433513082880
1117971555709939712
1117971613188808706
1117971843686850562
1117971863542665217
1117971951505616896
1117971955779538944
1117972200437497856
1117972524107694082
1117972560908619776
1117972585977917450
1117972593099911174
1117972609734328322
1117972702768304128
1117972718383661056
1117972792614576128
1117972851695464448
1117972910533226497
1117973044553633792
1117973068092268544
1117973088078106624
1117973153446232065
1117973200644784138
1117973218776813568
1117973354902958081
1117973425715281921
1117973477871378433
1117973484146241536
1117973574768312322
1117973731450793984
1117973813969522690
1117973831573016577
1117973872253579264
1117974032123478016
1117974052327567362
1117974076994326534
1117974111937093632
1117974211878948864
1117974621100347393
1117974796384391168
1117974853330583554
1117974925342646272
1117974925342646272
1117974992631861248
1117975169853579265
1117975238422274048
1117975364108554241
1117975486133460993
1117975579628834816
1117975724084875264
1117975818120994816
1117975952481505282
1117976036204077056
1117976148548497409
1117976205808898048
1117976245432672256
1117976274033696768
1117976276948721664
1117976304962371585
1117976355566772225
1117976373807570944
1117976490619088898
1117976532469919745
1117976627613450240
1117976677936705536
1117976726934474752
1117976786544025600
1117976971940593664
1117976989439156225
1117977013963247616
1117977030178541568
1117977080363245568
1117977221665312769
1117977224051691521
1117977349390204928
1117977372928741376
1117977415467372544
1117977471243182081
1117977528633831424
1117977564939558914
1117977574200762369
1117977646812618752
1117977658120445957
1117977729326927873
1117977739397685248
1117977859098701826
1117978115777671168
1117978252658614272
1117978273655525377
1117978588353949696
1117978729521790976
1117978959357140994
1117979009235611650
1117979011597119488
1117979027837464576
1117979047928180737
1117979055486316545
1117979059626151937
1117979123102646272
1117979193176776704
1117979230455967745
1117979296193220608
1117979297699049473
1117979381488672768
1117979664884981760
1117979724716883969
1117979767842590720
1117979792639430658
1117979818463846401
1117979827074629632
1117979939712593920
1117980022109655041
1117980187868659714
1117980188959076353
1117980201995124736
1117980236996542466
1117980259020881920
1117980279703056384
1117980284811710464
1117980344530157574
1117980372350820353
1117980410410041344
1117980479616102401
1117980698567221249
1117980739973390338
1117980811653984257
1117980836664619009
1117980868436529152
1117980934047924224
1117981082693947392
1117981201887678466
1117981249925083136
1117981331219210240
1117981375997472768
1117981386516979714
1117981402614706176
1117981548983222272
1117981590817263622
1117981603479924736
1117981699026104321
1117981702121578496
1117981738129592325
1117981742994993152
1117981841745752065
1117981967457374208
1117982014890627072
1117982058607857665
1117982235301425152
1117982314095624192
1117982390301995009
1117982399491710976
1117982673597865985
1117982720880205826
1117982862861586432
1117982864757256192
1117982904192122880
1117983477582958592
1117983583149465601
1117983727764873217
1117983728712785921
1117984150496002048
1117984241235767296
1117984428574302208
1117984434886778881
1117984464997580801
1117984487504269312
1117984544072683520
1117984634321530880
1117984747412582401
1117984942955188224
1117985034970042368
1117985165676933120
1117985210828763138
1117985216071651328
1117985224242147334
1117985396498079744
1117985511753207811
1117985777378455552
1117985816259653632
1117985835549327367
1117985931078852613
1117985935126228992
1117986109491949569
1117986119428321286
1117986261900374019
1117986309614731264
1117986367445848065
1117986407279054850
1117986545393389575
1117986659335901184
1117986827669868544
1117986933299404801
1117986939863433216
1117986967692566531
1117987069102632960
1117987083698810880
1117987163142930433
1117987296454664192
1117987296874094592
1117987353707126784
1117987364821843968
1117987530002055173
1117987655948439552
1117987719202791424
1117987736139464705
1117987766871023616
1117987800777773056
1117987805551108097
1117987815076265984
1117987881899962368
1117987908135391232
1117987976691077120
1117987998770057216
1117988071511928832
1117988151232991232
1117988208145588224
1117988238583529472
1117988272704147456
1117988639064113153
1117988675256586240
1117988980686032896
1117989015561691136
1117989036663066624
1117989122839388161
1117989295791304704
1117989357971886080
1117989652437270529
1117989690240581632
1117989824735084544
1117989964770242561
1117990172300279809
1117990191518580736
1117990423178252288
1117990500290707456
1117990926662676480
1117990934430584834
1117991126240251905
1117991193814667264
1117991231387242496
1117991354779353088
1117991490259705856
1117991568412168192
1117991690156105729
1117991846418927617
1117991914383527937
1117991947547762689
1117992050874621952
1117992070524878848
1117992466467184641
1117992490886283264
1117992727625510912
1117992853387599873
1117993505949929473
1117993593443094528
1117993625386749952
1117993632160727040
1117993767078965248
1117993808464158722
1117993878425079814
1117994171543875585
1117994354302435329
1117994378415316993
1117994599413211137
1117994753763594240
1117994819622543361
1117994863566442497
1117994891106312193
1117995801148645379
1117996014336655361
1117996223154155520
1117996263775981570
1117996349147025410
1117996359032934400
1117996411776143360
1117996697722982401
1117996731738800129
1117996766190694400
1117996903881482240
1117996981710917633
1117997344996376577
1117997509106905089
1117997512193916929
1117997687960477697
1117997807816802305
1117997859964633088
1117997906991013888
1117998049542819841
1117998186168225792
1117998198843498496
1117998216774025217
1117998539018260481
1117998706039631872
1117998782195601413
1117998891230744581
1117999211297918976
1117999372355211264
1117999433050988544
1117999561409060865
1117999571760664577
1117999581432885255
1117999590131867649
1117999649757986816
1117999730116706307
1118000060082606081
1118000144815812609
1118000218384084992
1118000665261944833
1118001147984449536
1118001794876084224
1118001870990135298
1118001871107575809
1118002201513693184
1118002595581190144
1118002606620729345
1118002611280470016
1118002735343910912
1118002912477581312
1118002924188102656
1118003355790393344
1118003650465497088
1118003728076824576
1118004281708249088
1118004561447399424
1118004636097613824
1118004821091475457
1118004885822365696
1118004947189207041
1118005064273158144
1118005443547234304
1118005543430443008
1118005671314595840
1118005702801465344
1118006257955348480
1118006271196590080
1118006749963935744
1118006766569234432
1118007245432860672
1118007334960336896
1118007593664794624
1118007605773815808
1118007837853143040
1118007847000788992
1118008818338811904
1118009340160610304
1118009690359681029
1118010069252231170
1118010431308742656
1118010525260980225
1118010655628505088
1118010693146382336
1118010693318586368
1118010835220291584
1118011090582024192
1118011113453621248
1118011134626422785
1118011160153010177
1118011182605115392
1118011231388880897
1118011289819738113
1118011385894408192
1118011392467116032
1118011443096498177
1118011573610721280
1118011700052156417
1118011820181282817
1118011967950573568
1118012024389169154
1118012120535306240
1118012297480249344
1118012327075299328
1118012373380546560
1118012481903874048
1118012562984009728
1118012813543219200
1118012859823247367
1118012938042744832
1118012994523467781
1118013058549526528
1118013160395427840
1118013204221825024
1118013468874031104
1118013510938578944
1118013514038353921
1118013605071523846
1118013721991757826
1118013725087285249
1118013778900193280
1118013844222140416
1118014117871149056
1118014277028319232
1118014570688327680
1118014635859415045
1118014672848982017
1118014748501528576
1118014799588282368
1118014938424008709
1118015266674311168
1118015269031555072
1118015522493218819
1118015650184728576
1118015759140016128
1118016693396049922
1118016865790570498
1118016908140457984
1118016929275445248
1118017168363462656
1118017220704124928
1118017791829921792
1118017792907698178
1118018465946902528
1118018775658500097
1118018873045819392
1118019400957931520
1118020253059960832
1118020272848818178
1118020408823959552
1118020926304428033
1118021067916939267
1118021198917533696
1118021251887321088
1118021363871158272
1118021495031201793
1118021761616891904
1118021846170054657
1118022441270251520
1118022762776236032
1118022967953448960
1118023675696025602
1118023722416447489
1118023725293522945
1118023892184866816
1118024747982286848
1118025709652365312
1118025918948233217
1118026868068798464
1118026877392674816
1118027308822974464
1118027584275542016
1118027760881025025
1118027829499912192
1118027853910761473
1118028137193852928
1118028422649802752
1118028608201609217
1118029139598950400
1118029398567944192
1118030050333478912
1118030079257268224
1118030356270211072
1118032097472651264
1118032227147841541
1118032668871016448
1118032781773115393
1118032885586354176
1118033285710585857
1118033538614538241
1118034183685922816
1118034761757396992
1118035313740455936
1118035915295817729
1118036017443946499
1118036088545693696
1118037079877931008
1118037988422717440
1118037999286149121
1118039030824931328
1118040964138979334
1118040972523450368
1118041026252419072
1118041092153380864
1118041155726221312
1118041330469490689
1118041375616851968
1118041503132192768
1118044615842484224
1118044726962393088
1118044949742784512
1118045571736977408
1118045620756013058
1118045783368933376
1118046455820967936
1118046459964923904
1118046686931292160
1118047038518767618
1118047606087794688
1118048336639086592
1118048385674686465
1118048911590154240
1118049201621995520
1118049243854299136
1118049369591287808
1118049858760265728
1118049885473972226
1118050189850435585
1118050214848262144
1118050845600489478
1118054602962763776
1118054849441083392
1118055240320847872
1118055575273779200
1118055735944990720
1118056126371770368
1118056367607177217
1118056413757091840
1118056633794539520
1118057023143317504
1118058075125055488
1118058088303681537
1118058142758252544
1118059144982990848
1118060125116354560
1118060732589977600
1118064125295435776
1118064536551030785
1118066313602093056
1118069092576112640
1118069670391635969
1118070255086133249
1118070852958867456
1118071103614799873
1118072605641195520
1118072627715645440
1118073204726280193
1118073214796746753
1118074347258728448
1118074806690353154
1118074835878289408
1118075694788030464
1118075803131006976
1118078877098627072
1118079345254227969
1118080727948464128
1118081130274664448
1118081507325820933
1118082802703044608
1118083665056153601
1118085087394975744
1118085605756407808
1118086022573764608
1118087558251020288
1118087678019420161
1118088096216748033
1118089266742083586
1118089408794759168
1118089592932929536
1118090243054481409
1118090245537501186
1118090342404907008
1118090370154422274
1118090469802684416
1118090810682220544
1118090816461922305
1118090912138055680
1118090958250369031
1118091028844748805
1118091268888907776
1118091420923940864
1118091612603555840
1118091960521195520
1118091985066311680
1118092283226808320
1118092644717158401
1118092701654638592
1118092876297191424
1118092947860414464
1118093206405566464
1118093239817592832
1118093363604074496
1118093465735323650
1118093859408502787
1118093917281505280
1118093935027597314
1118094039881011202
1118095194782564352
1118095328455135232
1118095417919647745
1118095472755978240
1118096235359920128
1118096270143287296
1118096324203896832
1118096331392933888
1118096394399698944
1118096568064860160
1118096606396547072
1118096783408758790
1118096862484094976
1118096880418873344
1118097222728601600
1118097350021480448
1118097930970439680
1118098403039293440
1118098636703973376
1118098700876886016
1118098745739108353
1118098935162265600
1118098967211008000
1118099094604603392
1118099212577718273
1118099332744601600
1118099522054434817
1118099586789277697
1118099947222700033
1118100023068307456
1118100350395985920
1118100559951728640
1118100820157960192
1118100880270741506
1118101000471175169
1118101032830214146
1118101207279702017
1118101331804327942
1118101339077263360
1118101860370358272
1118102144467521536
1118102226092748800
1118102269021573120
1118102732664127491
1118102786934231043
1118102840747098113
1118102920883593216
1118102938763837440
1118102945365549057
1118102990005637121
1118103084905959424
1118103283271389184
1118103293425852416
1118103480173060097
1118103531259670528
1118103554382811138
1118104045716160514
1118104223655366656
1118104714917240832
1118104809817567232
1118105551055884288
1118106150472421376
1118106169091006464
1118106433738936320
1118106816519593984
1118107844371468288
1118108124345458688
1118108152996749313
1118108291861831681
1118108492215328768
1118108761527324673
1118108879588593665
1118109185550553090
1118109726691164160
1118110173602750464
1118110451303317504
1118110986874044416
1118111272904593408
1118111368895504390
1118111784169197568
1118112207395590144
1118112598191431680
1118112645243179009
1118113190443769858
1118113234727448576
1118113440281825280
1118113476663291906
1118113522221821952
1118113572364722176
1118113625783328768
1118113674823118848
1118113766531588097
1118114245000953857
1118114379323592709
1118114935647744000
1118115348505665542
1118115954171551750
1118116330576797699
1118116892701536269
1118117707562483713
1118117708741120000
1118118164435492864
1118118290012954625
1118118357386039296
1118118746718134272
1118118847645724678
1118119161799032833
1118119674791776256
1118119941738258432
1118121511083229184
1118122228703531009
1118122551513894914
1118122847673704448
1118123149659377665
1118123228147388417
1118123243909423104
1118123512068177921
1118123584000544768
1118123876624556032
1118123894018400257
1118124141863895040
1118124951301652482
1118124984541634560
1118125087830491138
1118125490416623616
1118125699083141121
1118125884962213888
1118126106769526784
1118126327725477888
1118127013850689538
1118127289873649665
1118127362741293056
1118127473349267456
1118127782993612800
1118127983787696129
1118128211244847105
1118128219377623040
1118128427901390849
1118128495736107008
1118128743799840776
1118129189360685057
1118129548024000513
1118130303745298432
1118130857833897985
1118130867375935490
1118131576116862976
1118131772297023488
1118132128007372800
1118132219556528129
1118133021876674560
1118134515514454017
1118135611163119619
1118135671598796801
1118136007675863040
1118136299003830272
1118136397762895872
1118136414619750401
1118136523122147329
1118137085297418240
1118137347302989825
1118137352289964035
1118137780096458753
1118138053405630464
1118138112050376704
1118138474895421440
1118138615983497221
1118138665832783873
1118138982326591490
1118139208747581440
1118139413865926656
1118139900329627649
1118141069877706754
1118141203680235522
1118141365341380609
1118141461122486274
1118141488133808131
1118141565866790915
1118142049486868480
1118142466060890113
1118142495077163009
1118142528660877312
1118142564673236992
1118142629080965120
1118142788502208518
1118142814712475649
1118142857427263491
1118143052231729152
1118144026669146112
1118144354760232961
1118144586298396673
1118144678065508352
1118145639458725889
1118145975351009280
1118146011707297792
1118146160059924480
1118146870650363909
1118147219088187392
1118148286219739138
1118148361998229504
1118148739909206017
1118148819978473472
1118148856322113536
1118148889868161024
1118148975318700037
1118149199533629441
1118149618754367489
1118149668159070210
1118149683103326208
1118149711733690369
1118149713331724288
1118149744164003840
1118149794323734528
1118149820139462659
1118149865056419841
1118149963320582144
1118150058904518657
1118150104467161088
1118150125623435264
1118150160867971072
1118150244523360258
1118150319186350081
1118150366481321984
1118150442049888256
1118150519397257217
1118150589786017793
1118150598149513216
1118150700612104192
1118150712985366529
1118150714201640960
1118150716785340417
1118150779984986113
1118150815309451267
1118150994716577793
1118151165651214340
1118151180213870600
1118151248774082560
1118151257045082116
1118151294252986368
1118151369100279811
1118151457373507584
1118151495390781441
1118151504156868608
1118151533529587713
1118151533563133955
1118151580187070464
1118151638517202944
1118151658259845121
1118151669898825731
1118151837046071297
1118151894873067521
1118151904679346181
1118151907665678336
1118151954381717504
1118151968508338176
1118151983335202818
1118152246766731264
1118152339100246017
1118152343588098048
1118152522420482050
1118152527344734208
1118152618944225280
1118152765526560768
1118152800146423808
1118152826096693248
1118152956438822912
1118153008695652352
1118153173154267136
1118153277797888000
1118153298744311810
1118153517456400384
1118153566563123202
1118153874760716289
1118154019678060544
1118154171562242048
1118154307860348929
1118154377527726081
1118154609078489088
1118154730847518722
1118154799453736960
1118154804436590592
1118155017490436096
1118155053460680704
1118155838827507713
1118155880325713920
1118155922411442176
1118156064468418560
1118156431243599872
1118157156459667456
1118157195047137281
1118157228274405378
1118157310407446529
1118157317097369600
1118157463440830465
1118157810712367110
1118157825455165440
1118157908590641152
1118158274854047744
1118158298258321409
1118158429372190722
1118158568258248704
1118158730846035968
1118158968470171648
1118159371266068480
1118159516217094145
1118159819704238082
1118159841342689280
1118160029604036608
1118160059123548160
1118160119047409664
1118160399931727873
1118160568588939264
1118160865218445313
1118161109754818561
1118161175630446592
1118161203103195138
1118161321990729729
1118161511355224066
1118161612689563648
1118161613880799232
1118161725608615937
1118162004588617728
1118162154581106688
1118162749408854016
1118162783349215232
1118163042913669120
1118163421617324037
1118163807627563009
1118163946781863937
1118164064692264961
1118164303654395904
1118164805146353665
1118164866529939456
1118165121459793922
1118165243300122625
1118165306122227712
1118165785833353218
1118166212033294336
1118166941800259591
1118167632824426496
1118167920708857857
1118168013512093700
1118168173050724353
1118168333193445376
1118168904314920961
1118169478767026176
1118169781402648581
1118170088471969792
1118170147204866048
1118170747711541249
1118170903374913537
1118171147441451014
1118171342937915392
1118171617186725888
1118171675512565761
1118171810279907329
1118171936280973312
1118172160860749824
1118172235297099779
1118172771106742272
1118172908126236679
1118173267246878720
1118173290646921218
1118173893083238401
1118173894240763905
1118174099614961664
1118174639711191041
1118175647120150528
1118175670654447616
1118175755970547717
1118176192421666816
1118176315889336320
1118176375184199680
1118176785999339520
1118176800641884165
1118177353425805312
1118177391287963649
1118177412708126721
1118177502999056385
1118177822600617984
1118178356074299402
1118178494301732865
1118178584340905984
1118178923941171205
1118178929016299520
1118179882016624641
1118180272581668864
1118180368610406400
1118181114907176960
1118181119889854464
1118182135498715136
1118182823066624001
1118182965626974210
1118184690123452417
1118185583334121483
1118185713445609473
1118185925392179206
1118186079826452481
1118186106850353159
1118187031031578624
1118187167287635968
1118187841878745088
1118187883653935111
1118189270299217923
1118189736059916288
1118189746088361984
1118190296397955073
1118190716386148358
1118193692794396677
1118194269200756736
1118194432585678848
1118194437073571840
1118194851458310144
1118195011307413505
1118195035235913733
1118195317520969728
1118195603169845249
1118195639446380546
1118195898654363648
1118195922377297926
1118196143123587072
1118196316587343877
1118196377891352583
1118196398330130432
1118196443796295681
1118196696348090369
1118196711359426571
1118196874710851590
1118197031493951488
1118197202403364864
1118197502640050182
1118197751819452416
1118197906178215937
1118198014139621376
1118198106099732482
1118198136818819072
1118198407590498306
1118198655255814144
1118198834201387008
1118199291703590912
1118199580078825473
1118199630364168192
1118200665808035840
1118200980305326080
1118201235289538560
1118201821066080257
1118202899341938688
1118203110781063174
1118203434249924608
1118203550847438849
1118204566321844224
1118205327181262848
1118206086543179777
1118206503385796608
1118206662014377993
1118206704792031233
1118207029699461121
1118207185736146946
1118208932978274305
1118209291587072001
1118209861538516994
1118210319183224832
1118210639846096901
1118210693126291457
1118210981195386880
1118211053589078016
1118212008481046528
1118212732082429953
1118212790500691969
1118214327289380865
1118214469933518854
1118214624409559040
1118215180469571586
1118215506681458689
1118215796185010176
1118215857941954561
1118219222478393344
1118220180755288065
1118220477590380556
1118220540894797824
1118220749163118593
1118220860278616065
1118221263992971272
1118221320108564481
1118222774240026624
1118222983162679296
1118223268719276032
1118223389758509057
1118223396175794176
1118224082619654144
1118224144003411969
1118224354192453632
1118224447578812416
1118224499349032965
1118224713954861056
1118225419134734336
1118225467352461312
1118226546379100160
1118227657110507520
1118230644683939846
1118230730331566080
1118232400151109634
1118232876884070400
1118233079200358401
1118233273358962688
1118233422370045952
1118235483702583296
1118236402381201410
1118237979284258823
1118238031620612096
1118238181852246016
1118238458525507585
1118238836084170753
1118238896037474307
1118240875426058240
1118241116623724544
1118242335647682560
1118243029595361281
1118243238660329472
1118243251637637120
1118243525886398466
1118244174082400256
1118244292877799430
1118245002662989825
1118245947849363456
1118246359709245442
1118246946714423296
1118247540581916672
1118247818349744130
1118248146470150146
1118248478348652548
1118248984533983232
1118249388164427777
1118250048968589312
1118252200780808199
1118252619661631489
1118252756932943873
1118253752383705088
1118255070792028162
1118257555577270272
1118258189949128709
1118259022891819010
1118261709926350848
1118264866148704261
1118264894111928321
1118265075557634048
1118265634775715840
1118265669513097223
1118266513834700800
1118268857850843139
1118269194158653440
1118269738004766721
1118269979332370432
1118271095935774721
1118272665934913536
1118272928028790784
1118272983292940294
1118273099101663232
1118276071596744704
1118276233626837001
1118276369715060736
1118276917285638144
1118278542909947904
1118279194587189248
1118280561448165378
1118281016467181569
1118288103557480455
1118288814961778688
1118290181679976454
1118291839273058304
1118292188197052416
1118293292955983874
1118294344920813568
1118294423408869376
1118298055076392960
1118299236771291136
1118300591925579776
1118302374022516738
1118302982871891968
1118303571382956032
1118306647250800640
1118307509096284161
1118312031742877696
1118314865205153792
1118316053803749376
1118318981662695424
1118321186440716288
1118321274613305351
1118322750081265664
1118324913142501376
1118325314856218624
1118326836306440192
1118327635929645061
1118329540084994049
1118333453072764928
1118334649682423809
1118336682615615488
1118338634875310082
1118341762651754496
1118343879483371521
1118345099723694080
1118345257966551040
1118346628211986435
1118347287246323712
1118347296381358080
1118347637038694402
1118351516870565889
1118352263557328897
1118353572385763331
1118354413578543104
1118354934108319745
1118355478130647041
1118355707705872384
1118357686758854656
1118360241123545090
1118360507600257025
1118360904381472771
1118362769437483008
1118363357248200705
1118369721143955456
1118372600659443712
1118376197367500801
1118379414222458880
1118380048019599362
1118387216521232386
1118388740538368002
1118399075685228545
1118403471172964352
1118408381679542273
1118414711836385287
1118415495039016960
1118415850539769856
1118416743939084288
1118423510148362241
1118426462971936768
1118431958256836608
1118433195052216321
1118434059552796673
1118434546469543937
1118438789557497858
1118440822511419397
1118441877391515648
1118449538090577921
1118452387797176320
1118461021826555910
1118474450549108736
1118482625218457600
1118485475738755072
1118485991336103937
1118486213613191168
1118493454328373248
1118493466273701889
1118497701535072256
1118502018157621248
1118509942540046337
1118511915133808642
1118518872095772682
1118528798541144064
1118533507607879692
1118539198850568195
1118547116060741641
1118547374580871168
1118548264192806912
1118551680486969346
1118560015747387392
1118563545912836105
1118564915923517440
1118565402412494850
1118568114055188480
1118596663092875264
1118597501378912256
1118611773291147264
1118620029350756355
1118644336508506112
1118651472844140545
1118673842539511808
1118678208860184576
1118678919828213760
1118687016978472961
1118691584831369216
1118706578562142209
1118775809660063744
1118796570424741888
1118811078778028032
1118828281250365440
1118842346358099968
1118844021646995457
1118844204044693504
1118845738446983168
1118847954205446144
1118854290137808897
1118854803592024064
1118855164235005952
1118856779625107457
1118865264769208327
1118865324177276928
1118865339536769025
1118865366338424832
1118865497142042625
1118865602959908865
1118865637907079168
1118865645532254210
1118865705200439297
1118865765736730625
1118865848926556160
1118866105034874880
1118866175398535173
1118866290062450688
1118866411034689538
1118866413186375680
1118866480064495617
1118866511551193093
1118866518446497792
1118866544727957504
1118866624738516993
1118866641977167872
1118866668820758528
1118866684239073280
1118866692581613568
1118866726257610753
1118866803843710976
1118866954364837889
1118867022669144065
1118867078210097153
1118867200897617923
1118867382934679553
1118867429092921350
1118867558290137088
1118867560026427396
1118867823324028929
1118867870606348290
1118867946288365568
1118867988147507200
1118868013481103360
1118868021806866435
1118868074738749443
1118868095517413376
1118868110042230786
1118868287868284929
1118868517909143552
1118868607147171840
1118868630945652737
1118868806720348160
1118868967605645312
1118869265493495808
1118869330060431361
1118869379066806275
1118869565210025986
1118869617059954689
1118869735444287489
1118869787638226945
1118870032073801728
1118870086549495810
1118870819491467265
1118870944129351681
1118871234387828736
1118871359696900096
1118871775389945858
1118872560878456832
1118872644638654464
1118872673688477696
1118873051658170369
1118873060952567808
1118873093416660992
1118873254486249473
1118873411462336512
1118873502986186752
1118873556580995074
1118873573849010180
1118873710621020161
1118873774328180742
1118873849896947712
1118873895447203847
1118874162448171008
1118874880282247168
1118875315009413120
1118875547973640194
1118875760637308928
1118875767029620736
1118875978082680833
1118876365640564736
1118876972845805575
1118876979959402498
1118877297300398080
1118877443413159936
1118878329652826112
1118878497097834496
1118878765487218688
1118878813478252544
1118878864556666881
1118878958320324608
1118879647297613825
1118880169429614592
1118880851767459841
1118881023616405505
1118881993176100864
1118882271807729664
1118882471440003072
1118882586204549121
1118883097607589888
1118883098345734145
1118883098689769477
1118883128662208514
1118883329800069125
1118883838493515781
1118884067439566848
1118884807243702272
1118885145270996993
1118885380697153536
1118885404281847809
1118886225190871040
1118886670143610881
1118886999493099526
1118888641236033539
1118888858316414976
1118889354057768961
1118889506659348480
1118889719872544768
1118890131300028416
1118890146865262592
1118890602551291905
1118891305046872064
1118891822452023297
1118893372893274112
1118893517265408005
1118893892324216833
1118894707969548288
1118896205856149505
1118896562871128064
1118898278894936064
1118898914197790720
1118899159417991176
1118899307078406144
1118900323014279168
1118900419504345088
1118900802049986565
1118900868596883457
1118901187946930176
1118902137348657153
1118902335722278912
1118902911587823616
1118903529316294656
1118904447390900225
1118904750400000001
1118905196116160514
1118905377620361221
1118906136986570753
1118906853361057793
1118907359042998274
1118907890994073600
1118908647717863425
1118908649739407361
1118908847685603328
1118909920479535104
1118909932336586752
1118910081549000704
1118911382035095552
1118911504286351360
1118911542957940736
1118913584199639041
1118914143950704641
1118914160195190786
1118914224527478784
1118914623095361537
1118915844287889408
1118919184468123653
1118919231368777728
1118919860296220682
1118922325125160961
1118922704625836032
1118923134390996992
1118923601695117313
1118923711544012800
1118926599238365187
1118927252119597056
1118929268010930181
1118929607833423872
1118929756718866432
1118929842001666050
1118929887895674882
1118930708465180673
1118933329657630721
1118933354265628673
1118934974462222336
1118937358915837952
1118939841855725568
1118940339673473029
1118942132549537792
1118942182025469952
1118943737097252866
1118944550079299584
1118945031698690048
1118945357340315649
1118947261071986688
1118947341648711680
1118947786324611072
1118949723229032452
1118950477318647808
1118950518196293632
1118951437965205505
1118952637020299264
1118953576074706945
1118954014270296064
1118960828466782213
1118962415666958336
1118962611947745280
1118963481976373249
1118963798684180480
1118965548216455168
1118967431962120192
1118973770696278016
1118975702949335052
1118975804971585546
1118977961053474816
1118979660522622986
1118980290158956553
1118985386712289286
1118985515108306959
1118988387640205312
1118989115813449734
1118996910025711622
1119000453478531072
1119001054480347136
1119001385561985024
1119004075461365769
1119004079525703680
1119009614669012994
1119010987951235078
1119022243789590529
1119025713884086272
1119029482931798019
1119033795863285762
1119034003691057153
1119034594261655553
1119043889577562113
1119052427242635267
1119064475473203201
1119065043839193088
1119065482470932485
1119066870919958528
1119067451810111488
1119067539353546757
1119068352247468032
1119074495052914688
1119078779584860161
1119080026526363648
1119082538830426112
1119085062731866112
1119093755095568384
1119106735422054400
1119106984911839232
1119109965740793856
1119126244962947072
1119126470004101120
1119129270402465792
1119159165711044609
1119159225437999106
1119159903103270913
1119165494114709504
1119188445778337792
1119198876844601345
1119198945685716992
1119203125145952256
1119212755670663168
1119229392927055872
1119233596961767426
1119234265957453825
1119239423479226369
1119242415892832256
1119259551423959040
1119279440335441920
1119290317365108736
1119307279646494727
1119315583206445057
1119345292871122944
1119346351735627776
1119348589119991808
1119385161957826560
1119402447934566400
1119410956029898759
1119425273852723201
1119429892553232384
1119562641469583361
1119600662981922817
1119606848519172098
1119607153147482112
1119638029361135616
1119640828740239360
1119768917818216449
1119772319524761600
1119796316777766912
1119816323251482630
1119829463070662656
1119838181887623168
1119843012140392448
1119900472574267392
1119907566329503746
1119983103186034688