1123784351488065536
1123839818373521408
1123844828591206401
1123871289670815744
1123875279326388226
1123921807315210242
1123925099739013120
1123930931952222209
1123941334782492674
1123946980701503488
1123956054574997506
1123959226454429702
1123973483443126272
1123977301799129089
1123978934423519232
1123986382844833793
1124011494428020737
1124012403786694657
1124014433901207552
1124017566106759168
1124028123266392064
1124042192836804609
1124043072768225280
1124056138817974276
1124095936559550466
1124108961391763460
1124120176927170560
1124125632718299136
1124131852137136128
1124153371957637120
1124154280653545473
1124183879764652032
1124187605388746752
1124241408548835328
1124289668865036288
1124290582455750657
1124299682937753601
1124300069879074818
1124302853726769154
1124307114497855493
1124307349500563459
1124308345702240256
1124308632131162112
1124309549815611392
1124310648492646400
1124311487785447426
1124311721374560258
1124311918699741185
1124312702866874373
1124313477877727232
1124313656387178496
1124313803385135106
1124314159380860928
1124314565511188480
1124314581722124288
1124314802413801472
1124315165900591104
1124315721398353920
1124316042057199616
1124316465841283075
1124316747086036992
1124317603218878464
1124318992842330112
1124319034198171648
1124319929371512832
1124320291965030406
1124320926265487362
1124321659798806539
1124321669361934338
1124321771333746688
1124321815747284993
1124322021138161666
1124322140910649344
1124322191997382657
1124322499540525056
1124322757582442496
1124322886234382340
1124323006573051904
1124323154296438784
1124323426351689731
1124323642547036161
1124323736037969921
1124324169955577857
1124324328290639874
1124324548092915712
1124324651755278337
1124325161552044037
1124325277545504768
1124325356176138241
1124325455346262017
1124325543569166336
1124325604176928768
1124325606760615936
1124325827376746496
1124325912638410752
1124326016695046145
1124326248531005440
1124326405305581568
1124326499681820672
1124326538860589057
1124326616308559872
1124326911675596801
1124327285614628865
1124327622803165184
1124327638099611649
1124327712708014083
1124327833067761664
1124327864692662272
1124328195942232064
1124328245393072129
1124328449848545280
1124328469213712386
1124328742157991936
1124328765864259586
1124329077161299969
1124329077547180032
1124329588933439490
1124329602309074944
1124329633204396033
1124329825274093569
1124330113951125505
1124330270688186369
1124330465329078272
1124330879508205568
1124330989701009415
1124331007128289281
1124331141274771461
1124331404060446722
1124332428179451911
1124332628696551425
1124332722233724928
1124332903037587456
1124333203886694401
1124333355389071361
1124333515183669248
1124333637804146694
1124333737074991104
1124333771371765760
1124334548752523265
1124334621246861312
1124334777237000192
1124335030166147072
1124335642668871680
1124335654807191552
1124335679050342401
1124336676413890567
1124336737784926210
1124336772123590657
1124337933249597445
1124337986760519682
1124338018473717761
1124338074396368897
1124338362213646336
1124338677075841024
1124339220011786241
1124339382171738113
1124339493211967488
1124340192981209091
1124340736911138817
1124340863637712896
1124341087831613440
1124341113530150912
1124341380321546241
1124341859332034564
1124342054979608576
1124342339064008705
1124342484560175105
1124342566550478848
1124342636045905921
1124342711186874368
1124342979358089217
1124343073390067712
1124343195779911686
1124343360871960576
1124343531030626305
1124344272621322240
1124344379907330050
1124344551886299136
1124344757810008064
1124345405355982848
1124345666929602560
1124346154035109888
1124346538858360832
1124346641010569216
1124346891909632009
1124347103856275457
1124347332177346560
1124347774701535237
1124348198355644416
1124348435749064705
1124348753631223814
1124349225079332865
1124349396508979200
1124349449763991552
1124349525332643841
1124349901943345154
1124350367142162433
1124350496712556544
1124350535493144577
1124350558729433088
1124351067414773760
1124351108649050112
1124351900059672581
1124352143631241221
1124352814682124289
1124352979060920321
1124353159936319488
1124353429650931713
1124353495719661570
1124353885169246208
1124354122839470080
1124354182935396352
1124354386015203328
1124354394634498049
1124354666786119681
1124354692606189568
1124354751032975360
1124354845949988864
1124355275182497792
1124355459131949056
1124355473933778945
1124355563490508805
1124355619626967040
1124355686106914816
1124355736174071808
1124355805065752578
1124355908056776707
1124356772410658816
1124356918661795840
1124357091634728961
1124357323680514048
1124357526861111298
1124357762010484745
1124357853475528704
1124357988578410497
1124358092248870912
1124358176311259137
1124358536203522050
1124358589622124546
1124358924067647488
1124359196391170048
1124359391153508352
1124359726349766657
1124359917366857728
1124360136892526592
1124360195201798145
1124360386986246144
1124360655442722816
1124360745146253313
1124360898074824704
1124360973790453761
1124361065008123904
1124361096205340673
1124361270885527552
1124361464083636227
1124361684125143040
1124361917349416962
1124362271021572098
1124362321801961472
1124362421030801409
1124362579231559682
1124362747741913088
1124362813273772032
1124362817916821504
1124362931779645441
1124363138772586496
1124363193466478593
1124363253654724613
1124363277704814593
1124363357757292546
1124363426384547840
1124363646535118849
1124363775094558721
1124363975658020864
1124364018632683520
1124364157229371397
1124364186845315073
1124364723204558849
1124364891677179904
1124364933410500608
1124365109193838592
1124365231130472448
1124365288030470145
1124365643653025798
1124365662086926337
1124365872334811137
1124365976571715584
1124366419217375237
1124366495033823232
1124366664659808256
1124366973943595011
1124367294556180480
1124367311492698112
1124367338818564096
1124367427134001152
1124367660773466112
1124367732873486336
1124367855208808448
1124367941636710401
1124368097685721089
1124368208960602112
1124368289952563200
1124368394298413056
1124368438976286721
1124368442285613056
1124368576843079680
1124368609491529728
1124368811673702400
1124368958252036096
1124369077412212737
1124369293255245824
1124369296719794177
1124369350314557444
1124369368417173515
1124369392014381062
1124369790045437952
1124369892751364096
1124370090458116098
1124370190701977600
1124370222390050816
1124370294418939906
1124370494101315585
1124370611793481728
1124370752600465409
1124370880371535872
1124370947019087878
1124371004787187712
1124371023703363584
1124371178364100608
1124371239341101056
1124371266511810566
1124371292713639936
1124371390314901505
1124371462926819328
1124371596318101504
1124371641084141570
1124371657492185089
1124371748676304897
1124371797825114112
1124372335367208960
1124372399116259328
1124372569543598082
1124372679132315648
1124372728990117888
1124372994921566209
1124373425089331202
1124373516407726081
1124373938467954689
1124374239396737027
1124374358317850625
1124374483534356480
1124374483861680129
1124374597330194432
1124374916445474819
1124374978504347648
1124375113929981955
1124375269417136128
1124375286672449537
1124375408303058945
1124375452372676608
1124375547822399490
1124375892611031040
1124376167149121537
1124376257926352896
1124376345838882818
1124376974904975360
1124377008903835648
1124377153041260544
1124377529702338560
1124378559613669382
1124378635308285953
1124379047763509249
1124379126138380289
1124379394397614087
1124379941544398848
1124380357695090689
1124380561919942658
1124380568471449602
1124380663430381568
1124380823485022208
1124380896449011712
1124381028850786305
1124381049935540224
1124381164251205633
1124381595329269762
1124381665911083010
1124382131055202304
1124382530977669120
1124382616440979461
1124383088803553283
1124383097460527105
1124383130884775936
1124383194655207424
1124383196978864133
1124383198182543360
1124383204121747462
1124383271213780997
1124383534825631744
1124383549736378373
1124383618078392320
1124384476124078080
1124384547196391425
1124384600548093952
1124384736414183424
1124384895843950592
1124385038953398272
1124385239915290625
1124385501836976129
1124385641616367616
1124386390345752578
1124386470691840005
1124386847738744832
1124386922691010560
1124386937215823873
1124386946929741825
1124387002336432128
1124387067763548160
1124387155713851397
1124387241386827777
1124387296596365312
1124388029987270656
1124388738010894337
1124388763013210114
1124389355383152641
1124389372084858881
1124389608500936706
1124389675307868160
1124389733273088002
1124389974756003841
1124390020633235457
1124390160727199744
1124390206629662723
1124390369662259200
1124390651154530304
1124390856323059713
1124391014154870784
1124391043611410432
1124391152856309760
1124391198695788544
1124391307835846657
1124391319282036742
1124391383979167751
1124391654197288960
1124392080846073856
1124392146902106112
1124392172193599488
1124392221153927168
1124392456869564418
1124392584133132289
1124392628458590209
1124392832423333889
1124392917575946241
1124393097604096001
1124393367851491329
1124393385777946624
1124393614707019776
1124393726233571328
1124393826641166336
1124393934325780481
1124394032778678273
1124394079641583617
1124394167952658432
1124394765922066432
1124395573245820929
1124395834538450945
1124395947214147584
1124395975559327750
1124396191003828225
1124396426530775040
1124396434818777089
1124396474572447744
1124396553068847104
1124396749781643264
1124396780714639362
1124396913166434304
1124397057534513152
1124397264854585344
1124397344261328896
1124397985763418113
1124398320158498817
1124398327414558722
1124398411543977984
1124399107655729152
1124399893223809026
1124400133137936384
1124402252112912385
1124402354277834752
1124402472661987328
1124402597920509952
1124402598671527936
1124402660537446407
1124402732473864192
1124402978104827904
1124402996694089728
1124403317671591937
1124403698590003200
1124403729468416001
1124403734941982720
1124403741866651648
1124403765707182080
1124404033370849280
1124404079084625920
1124404339559284736
1124404562918400000
1124405090788442114
1124405153346531328
1124405221176877056
1124405500249030659
1124405602250383362
1124405647473119232
1124405787193946113
1124405847260639236
1124405879984365568
1124406162194145281
1124406264786767872
1124406286228049921
1124406744971714560
1124407000362823683
1124407207926222848
1124407317066321921
1124407401204080641
1124407459500761088
1124407659677880320
1124407666368024577
1124407728896729094
1124407853228408833
1124407947038199808
1124408061433659393
1124408256221339648
1124408830534856706
1124408984759361537
1124409059858374661
1124409152447614979
1124409184202706945
1124409833644593152
1124410054981980160
1124410295642984448
1124410662493360129
1124410731770912768
1124410766776520705
1124410955935436800
1124410978374946816
1124411037497774080
1124411117416009728
1124411164228591616
1124411398304477184
1124411605297635333
1124411606245548032
1124411702672539649
1124411755692605440
1124411806074789889
1124411855303319553
1124411954171392002
1124412088888242176
1124412425825136642
1124412809528393729
1124412945591619589
1124413041624387584
1124413075539537921
1124413158125441025
1124413272424361990
1124413536749391872
1124413595205423104
1124414255208513537
1124414554371502083
1124414762622881792
1124415377310613506
1124415450341871616
1124415547469369344
1124415940827975682
1124416503153979393
1124417192538382336
1124418040194424832
1124418181043507201
1124418350166224896
1124418677741322240
1124418894188429312
1124419240705036289
1124419266491629569
1124419363304558593
1124420435381227521
1124420506621489153
1124420714222669824
1124421131010805761
1124421536562208768
1124421810160832514
1124422033557864448
1124422387032891392
1124422484323983363
1124422538371719169
1124422818777698305
1124423640764833792
1124423932193460226
1124424136766443522
1124424200079458304
1124424269369364482
1124424289103400960
1124424729505353728
1124425068052922368
1124425233908228096
1124426043622817796
1124427102235664384
1124427196439908352
1124427339406958592
1124427376484425728
1124427389415624705
1124427417949560832
1124427570995388416
1124427692236070914
1124428120440942603
1124428525098950657
1124428808470315008
1124428817127354369
1124429027547254785
1124429362395148288
1124429511695699968
1124429746090258435
1124430056510623747
1124430237981261826
1124430452952006658
1124430554139713537
1124431527419494400
1124431617307697154
1124431849969704961
1124431992953741314
1124432099635646464
1124432138936496131
1124432141696274433
1124432320272924672
1124432332872658949
1124432918934196224
1124432959224696832
1124432977793028098
1124433064694898691
1124433426298429440
1124433771220963333
1124433998485368833
1124434039950270464
1124434253117304832
1124435009790722055
1124435067848331264
1124435071287664641
1124435134613159936
1124435221884166145
1124435544677724160
1124436067489386497
1124436611830358017
1124437239096700928
1124437355035652096
1124437429967118342
1124437497314992128
1124438154226827264
1124438160140845056
1124438547061018624
1124438687972982784
1124438688635682816
1124438746525466624
1124438825017782273
1124439096330342400
1124439274387124226
1124439474128207872
1124440123238694913
1124440266889465856
1124440779957702656
1124440897469517825
1124440934932996096
1124441058803441665
1124441584139771905
1124441704751337477
1124441762838269952
1124442057542721537
1124442389651836931
1124442700948955136
1124443071700193280
1124443141958799360
1124443145092173824
1124443334410481669
1124443689743519746
1124443962612252673
1124444453610164224
1124444885661122560
1124445033925623808
1124445284820557824
1124446072926031875
1124446123756748800
1124446248063447040
1124446340178698241
1124446898671300608
1124447104590594048
1124447258798362624
1124447602928431105
1124447613971886080
1124447801453289473
1124448333244903424
1124449437626052612
1124449837435555841
1124450100263182336
1124450138204921856
1124450186267222016
1124450348691804166
1124450792658829312
1124451123451056128
1124451146125512707
1124451234558173184
1124452359046713345
1124452589217521664
1124452637439602688
1124452682083840000
1124452846173401089
1124452920651603968
1124453198796926976
1124453223715299328
1124453266509705222
1124453371648315393
1124453751178313728
1124453805586886656
1124454025901105152
1124454127470145536
1124454325588250624
1124454336988438528
1124454659836583941
1124454985318785024
1124455475972575232
1124455711751188486
1124455883898019840
1124456612448690181
1124457051881603074
1124457311789969409
1124457947277475845
1124458433875533827
1124458490293030913
1124458690785021952
1124458822687514624
1124459603369037831
1124459610625183745
1124459745350385666
1124459810819231744
1124461093630267392
1124461256067485697
1124461496224886784
1124461513677258752
1124461540860678144
1124461573823782912
1124461628643266560
1124461809380073472
1124462624463380480
1124463125254873088
1124463257866067969
1124463674914234370
1124464473329127424
1124464525850361856
1124464718339616769
1124465074947674114
1124465217470115840
1124465457166204932
1124466336695037952
1124466352348176390
1124467326760488960
1124467589961408517
1124468170448867330
1124468613694599168
1124469049600151552
1124469305880580096
1124469600656265217
1124469908174020609
1124469969838923776
1124470022531944451
1124470241730486272
1124470871026913280
1124471466681163776
1124471672659152896
1124472012804632582
1124472182963343361
1124472353055039489
1124473811498356741
1124473929693720578
1124474069380993024
1124474132467408897
1124475328041119745
1124475569725247488
1124476019782627328
1124476244999983104
1124476731413401601
1124476883578642432
1124477637206913024
1124478000328839169
1124478068268109824
1124478099381420032
1124478158214967296
1124478513812332544
1124478918432395264
1124479182384377862
1124479663986880520
1124481004725514246
1124481399304507392
1124481969264443394
1124482327432912896
1124482394910855168
1124482645633536000
1124482857949380613
1124482861837508608
1124483650475708417
1124484067859283969
1124484995341533185
1124485192238927872
1124485704334004224
1124486132065083392
1124486461850517505
1124486646416707584
1124486847902683136
1124487053348089856
1124487927969480706
1124489431086452736
1124489883194675201
1124490136572633090
1124491101006643200
1124491260541071360
1124491335501672449
1124491754366033920
1124491855599689728
1124492324564660224
1124492560905322496
1124492923071021056
1124493286679502849
1124493451205197829
1124494686582988800
1124494976585363456
1124495110404759552
1124495299605553153
1124495496012357633
1124495792725811200
1124495872572776448
1124495983595798528
1124495995608420352
1124496022724542464
1124496084284272640
1124496255298617345
1124496447716696064
1124496456457408513
1124496854962642944
1124497067513196544
1124499295800037376
1124499934542217216
1124500483962540037
1124500703613837314
1124500798514311183
1124500850599178245
1124501217663770626
1124501725451366401
1124502044256145408
1124503190848720897
1124503551957458944
1124503733419892736
1124503947220144129
1124504091797811200
1124504539615436800
1124505082479792128
1124505379122163714
1124505487465168898
1124506222743306240
1124506717402861569
1124506753306116098
1124506828560187393
1124508162567045121
1124508394302464000
1124508424996130816
1124508583448797184
1124509360615456768
1124509813151547392
1124509853609803776
1124510407165710336
1124511085195943937
1124511189541761024
1124511431481876481
1124511560188289024
1124512663873163265
1124512826796793856
1124513517980139520
1124513641762557953
1124514699905777664
1124514718666952704
1124515829746245633
1124516029810524160
1124516095229157378
1124516546741710848
1124517005741187072
1124517809227214853
1124518236651913216
1124518875511410688
1124519022635077632
1124519198594441216
1124519758500630528
1124520079570292736
1124521027264925698
1124522438883205120
1124523384119816192
1124523877613305861
1124524209093300225
1124524534525304832
1124525159375876098
1124525247154327552
1124527077669998592
1124527938232209408
1124528599703355392
1124528604224864256
1124530009467707392
1124530469129867264
1124530525786595328
1124530527577477120
1124530976292593665
1124531161412227072
1124534236113821696
1124535020813787136
1124535354185224192
1124535714136363008
1124536649373896707
1124536954157182978
1124536993164083200
1124537669885755392
1124537836382736384
1124538799122370561
1124539137753792513
1124540482628071424
1124541475461533697
1124541491559444481
1124542331246534656
1124543774464593921
1124544650444976128
1124545064036904960
1124545541453635584
1124546112428421120
1124546600666222592
1124546647105490945
1124546714763976704
1124547517696417793
1124548614619971585
1124548717925871617
1124549282583814144
1124550535246426112
1124551587043479553
1124551721730969600
1124552691189829632
1124552877467418624
1124553226018336768
1124553243487555584
1124554302498824193
1124556059312578560
1124556479837736960
1124560290505478146
1124560394813677569
1124561742766338048
1124562677898985472
1124564869762748416
1124565314707054592
1124565756392304640
1124567519711375361
1124568866091192320
1124569174494273538
1124569277368020992
1124569593043927041
1124570894314008576
1124571624051576833
1124572038549639169
1124572952417058816
1124573118004121600
1124573324602855425
1124573738819657728
1124573769211830272
1124573784336404481
1124574760489218048
1124575046385541121
1124575639103787010
1124575686172262401
1124576599192502272
1124579481899814912
1124579902630572032
1124580095220301825
1124580246076952576
1124580366340194305
1124581459044511745
1124581832647958528
1124583158626902016
1124583743241506816
1124584108947136512
1124584128127672321
1124585021195657216
1124585557273792512
1124585770163949568
1124587168217874432
1124587331955109888
1124588875379245056
1124588934284107777
1124589837082869762
1124591137703038976
1124592152753913856
1124593464694509568
1124593570176995328
1124594477568540672
1124595018574864385
1124596714760019969
1124597142633369600
1124598157697060864
1124598714771943424
1124599148634955777
1124599922513330176
1124602628330094592
1124604179526365185
1124604193057017859
1124604510939242497
1124605093385392128
1124605796623441920
1124606011946545152
1124606805110345728
1124608089527865344
1124608596837376000
1124609954038603776
1124610755960168448
1124611784621658112
1124611914313687041
1124611992764002304
1124612025425039360
1124612264265441281
1124612926965288966
1124615525621993472
1124615640223027200
1124615837531410434
1124616074002141184
1124616685275811840
1124618011720155136
1124618522976575488
1124618986812059648
1124620364590538752
1124620961846837248
1124621271868768256
1124622203792785413
1124622284369559553
1124622370969403393
1124624323019337729
1124625396283187200
1124626064838410241
1124627101066366981
1124627673962242048
1124627717310308352
1124628182836154368
1124628918848446464
1124629668907425792
1124630110206922752
1124632599106850817
1124632806963974144
1124632822109622272
1124632930419081219
1124633288730083328
1124633387111731201
1124634567514697728
1124634758481367040
1124635858664153088
1124636149501366272
1124636259090038784
1124636533322133504
1124637127604613122
1124637786982748160
1124638203334422528
1124638246095478786
1124638907218432000
1124639020103892993
1124640029429633026
1124642331490230272
1124643295190188037
1124643921437478914
1124643999233519616
1124644118716665857
1124644273771753472
1124645175312179200
1124645637646012416
1124645682499997697
1124646200467234816
1124646352363884544
1124646754861948929
1124647333386440705
1124648131096907777
1124649298614980610
1124649473668452352
1124649483290259456
1124650707188056064
1124650769460994049
1124651574159036416
1124653157966065664
1124653445888262150
1124653621780582400
1124654080121626624
1124654259138695169
1124654393725468673
1124655640419471360
1124655826671742977
1124659680477876225
1124660493719887873
1124660964895469568
1124660994163167232
1124661202246873088
1124661594225618950
1124661658465513472
1124662580105158656
1124662850281181185
1124663189453586433
1124663440642125824
1124663450263748609
1124664641345298432
1124665348584890368
1124665554319609861
1124665596321443845
1124665625723457537
1124665945807564801
1124666667404075008
1124667107231375360
1124667346428289026
1124668555990056966
1124669201384390656
1124671283180883969
1124671455671869440
1124672119009435653
1124673433885904897
1124673444988190726
1124673837289889792
1124674447317667841
1124675651502530561
1124675739318718464
1124676587079786496
1124676878772645889
1124677137217327104
1124677153449230337
1124677341500837888
1124677401668141056
1124677961154740224
1124679613198864384
1124680231930011648
1124681658358091777
1124682033354219520
1124682522993090560
1124683357135228928
1124683395206746112
1124683425363968004
1124684362270769152
1124684421431537664
1124684430759669760
1124684785346068485
1124684838013825024
1124685270668812290
1124686050851475456
1124686636439285760
1124687017453838336
1124688368242233344
1124688436898750464
1124689304985460736
1124689908227104768
1124690399157731328
1124691657629282304
1124691782145646596
1124692425614794753
1124692652107157505
1124693089359159297
1124693124801007618
1124693339046064128
1124694432429891585
1124695026028691456
1124695510957342720
1124696163532378112
1124696806422663170
1124697312939380736
1124697601390125058
1124698589354237954
1124698861824544768
1124699217837137920
1124699663897169920
1124700278782136326
1124700419156877312
1124701537970864128
1124701626374205441
1124703048767553536
1124703389332324353
1124703685878210560
1124703921342173184
1124703938358411265
1124705112335814660
1124705252144504833
1124705692538028033
1124705837791031296
1124706279048581121
1124706524201410561
1124706536289292288
1124706853244420096
1124706880029376514
1124707036397297666
1124707325208670208
1124708737330176001
1124709568678977541
1124709806596661248
1124710829268578306
1124711087134466049
1124713784143167494
1124714199807139841
1124714303465099264
1124714847269048320
1124715268498915328
1124715415039545344
1124715423570833409
1124715512884285441
1124715644665171968
1124715745043189761
1124716631140253697
1124716708743270400
1124717145189961731
1124717150541885440
1124717587072520196
1124718270916046850
1124719234926485505
1124719621142138880
1124719984880508928
1124720669575602183
1124720840480907264
1124720940930215937
1124721035474079744
1124721142978228224
1124721483908096002
1124721655715061760
1124721964243927040
1124722402083188737
1124723021707710465
1124723121112485888
1124723378760212480
1124723397651570688
1124725264825704448
1124726057041526784
1124726526937829381
1124726586891173889
1124726923844825088
1124727188945657856
1124727208008929281
1124727942184042500
1124729273946972169
1124729369237381120
1124730961835347969
1124731984306028544
1124732241358336000
1124732381271924736
1124732426088001537
1124732477728337920
1124732896827334656
1124733077161267200
1124733328865800192
1124735000967090177
1124735018893549568
1124735127139971072
1124735205712039936
1124735241518759936
1124735250553344006
1124736117973049344
1124736742542794757
1124736851447812097
1124736885853548546
1124738642016997376
1124738785428824066
1124739462578212865
1124739625111703557
1124740628263211008
1124740954068594693
1124742022420525057
1124742458951241728
1124742893485350912
1124743578540888064
1124745235274268672
1124745373812232192
1124746089587007489
1124746498783236099
1124746995569254401
1124747004041682944
1124747446020706304
1124747764750069760
1124747986125434880
1124748170750304256
1124748188093751296
1124748550179573761
1124748820737417221
1124749061301657610
1124749207544434688
1124749212472602624
1124749737696034816
1124750306951225344
1124750454745858055
1124750675861282817
1124751372388270080
1124751792594661377
1124752618826473475
1124752710090125312
1124753717364953093
1124754224322109442
1124754405415358464
1124754694532763648
1124755254141014017
1124755750293770241
1124755832602804229
1124756496275759104
1124756832948453376
1124757398038687744
1124757805439885312
1124758672792592384
1124758679918710786
1124758995682643968
1124759342157189120
1124759674220236800
1124759819804643328
1124760092639989761
1124760502029123588
1124760941378396160
1124761400839102465
1124761458963898368
1124763161440264194
1124763632758349824
1124764402539016192
1124764431366287360
1124765614504075267
1124765940187574272
1124766295080173569
1124766580682973184
1124767572216426496
1124768198132473856
1124768313870036992
1124768537606856704
1124769101572988929
1124769533225340928
1124769580818272262
1124769929109082112
1124770383163469826
1124771232757493760
1124771893461094400
1124772324337684481
1124773189270364160
1124774010271752192
1124775503980826624
1124775642367700997
1124775781010485248
1124776023399309314
1124776158116098048
1124776266387693568
1124777414326767616
1124777658896846848
1124777857434234882
1124778007963545601
1124778149030637570
1124778537481908225
1124778870056595457
1124778870820036610
1124779460593635329
1124779564281016320
1124780500638289920
1124780844462350338
1124780847012433920
1124780903086080000
1124782013888770048
1124782203894992896
1124782817634848773
1124785309416345606
1124786154707013634
1124787156000526336
1124787376813948929
1124787721308909569
1124788131037876226
1124788703526658048
1124788818509475843
1124789159984488448
1124791472774103041
1124791602063523840
1124791853067509760
1124791868024348672
1124792640426446848
1124793087623090179
1124793978354896896
1124794256923795456
1124795293839572992
1124796873259327488
1124797131435532289
1124798309862760448
1124799332753006592
1124800245865512961
1124802097801768962
1124802125438115840
1124802695058083843
1124802921588150273
1124803818850537473
1124804186074439681
1124804645615013889
1124805442302029826
1124805689560510465
1124805984348770304
1124807007335256065
1124807036145942529
1124807363964358658
1124807410277916673
1124808609471139840
1124808720645537792
1124808974073831424
1124809144140062720
1124809472034201601
1124809873059803136
1124809962683715584
1124809988516470784
1124810342171848704
1124810879881682945
1124812895047573506
1124812992070279170
1124813027054903296
1124813112379674626
1124813861994020864
1124814898825809920
1124815091671752704
1124816147394723841
1124816856013996032
1124818332224565249
1124819413012606976
1124819439969394688
1124820584724963328
1124821336570904577
1124821545606688769
1124821581954527233
1124822033676869632
1124822539010621440
1124822603196186625
1124823157104349184
1124823623666229253
1124823736572698624
1124823883209682945
1124823995382104064
1124824271409352704
1124824437201743873
1124824560098992130
1124824938223943680
1124825880902217729
1124826102759690241
1124826737966288897
1124827182914732033
1124828691614392320
1124828881553326080
1124831827825516544
1124831897685598209
1124831940400513025
1124832810789789697
1124833064591462400
1124833089417617408
1124834274451034113
1124834372857802752
1124835053039640576
1124835405558374400
1124836564230725638
1124837236158210048
1124837524764073984
1124837553914298370
1124837664593727489
1124837898942128129
1124838283878420480
1124838606705709057
1124838733172355074
1124838970263789568
1124839117815029761
1124839479259422720
1124839490999029760
1124839493083832320
1124841773451423744
1124842919503040512
1124843343706456064
1124843833609609216
1124844348829519872
1124844356115017729
1124844443662680064
1124845796275511302
1124847145528504320
1124848326665482240
1124849251153076224
1124849414399508480
1124850169718235136
1124850180862423041
1124850467274612736
1124851532858413057
1124851728652951553
1124851852724457472
1124853410946330624
1124853430651162624
1124853949234929664
1124855108909588481
1124855346105802752
1124855494391291905
1124855836227133440
1124856330722914304
1124856894789754880
1124857235107196930
1124857469082247168
1124857712939032577
1124857788671438848
1124858413643640832
1124858986153558017
1124859689219559424
1124860464029106176
1124861395567370242
1124861892390998016
1124862699643527169
1124862847681482752
1124863346015076363
1124863466433462273
1124864293332295681
1124864361825284096
1124865579754475520
1124865641939439617
1124866322343571457
1124866355474223104
1124866520897785856
1124867227256328192
1124867282323365889
1124867283371941888
1124867380851683328
1124867423050637312
1124868419332071424
1124868713419878400
1124869128031019008
1124869268137480197
1124869443769851904
1124871119155208192
1124873184858263552
1124873843846389766
1124875439091195905
1124875887533527040
1124876267277340672
1124876439600476161
1124877052069449728
1124877735225102336
1124878359677276160
1124878447057297408
1124878806362148869
1124879896940109824
1124880122522128384
1124880235932024832
1124881437759553536
1124881792438161408
1124882451560566784
1124882582615801856
1124882966784745472
1124883493555716096
1124884415967047687
1124885180987187200
1124885803396665344
1124885936293203969
1124887151655694336
1124887571186610176
1124887703319994369
1124889468442308608
1124889847775338497
1124890453235646464
1124891536603451392
1124892263987855360
1124892568712622081
1124892800938647552
1124893071462797313
1124894608603910144
1124894665659097088
1124895152601010176
1124895569904795648
1124896484200046593
1124897513981534213
1124898716991787013
1124898961637158913
1124899050401169408
1124899338470285312
1124899829052780544
1124899893707804672
1124900127141912580
1124900392268128256
1124900739648708608
1124900848264536064
1124901260937846784
1124902331676540929
1124902573171851264
1124902723130941440
1124903114425942016
1124903619692642304
1124903778635984902
1124903787414589447
1124904115882971137
1124904523376447488
1124904991053869058
1124905097161510912
1124905118938357761
1124905453534760960
1124905499495997440
1124906187097436161
1124906188192321536
1124906918449954816
1124908063893458945
1124909238147481600
1124910359238909952
1124912872339853312
1124914177095528448
1124914259152994304
1124914606978359296
1124914760733089792
1124915190263418880
1124915901717860352
1124917984856870912
1124921193742708739
1124921932976201728
1124926310097272832
1124927755097919488
1124931860012752896
1124932339543490560
1124932711888633856
1124937681765449728
1124937771523760128
1124938452959735808
1124940076281139201
1124943483045683200
1124943575605755904
1124944405314658304
1124945947237154821
1124946268361510912
1124947337787445248
1124947376714723329
1124948779667423232
1124950274714607617
1124950956775542785
1124952405823643648
1124953751092113408
1124955438775193606
1124956210095173632
1124958992407584768
1124961491260624896
1124962202178469889
1124962879604551680
1124963856672071681
1124965481063112705
1124966375187996673
1124969095814946816
1124969608723795968
1124970723615940608
1124971040382291969
1124971073601040384
1124971368997687296
1124971678470213638
1124971716684525568
1124972508342472704
1124974411881205761
1124974628881993730
1124977293649166337
1124978150700670976
1124979316838809600
1124980938700742656
1124981198873350144
1124984799029022725
1124984801755267073
1124986423361396736
1124986894591381504
1124987012229083136
1124987283973734400
1124987329201020929
1124987926646001664
1124989977404813318
1124992269763915782
1124993017700671489
1124993223276093440
1124993411155668992
1124994241443266560
1124994471173808128
1124995458034749440
1124996755190427649
1124997389817974785
1124997643250356224
1124997926265217024
1124998248819757056
1124999307290136577
1125000974907650048
1125001481244106758
1125001787272986629
1125002265369169920
1125002645436010503
1125003215618048000
1125003235067142145
1125003397600563200
1125004101710905344
1125005737543921664
1125006372934967296
1125006501498773504
1125007049593638912
1125007453500743680
1125008288737832966
1125010415728066560
1125010495537393664
1125012001158254594
1125012029612482560
1125012347167432704
1125013165207633921
1125013663365107716
1125013942844186624
1125014983283109895
1125015312401702912
1125016421732421632
1125016487180275712
1125016846489522176
1125018410985955328
1125019232629030914
1125019739653378048
1125020583622795264
1125021430851276801
1125023241263824897
1125023726758715392
1125024782074953729
1125025132395814912
1125025346745700352
1125025452433846272
1125025470561570817
1125026892434870274
1125027304764321795
1125028293198188546
1125029377832574976
1125029404739014656
1125029638231687168
1125029749737365506
1125029798982692864
1125030300835250178
1125030896082522112
1125030949681541120
1125031376829460480
1125031448027779073
1125031830758014978
1125032210334142469
1125032215245574145
1125032601234939909
1125033257442082816
1125034114522992641
1125034904880844800
1125035398856683520
1125035432578887680
1125035912684101632
1125036249532727298
1125036251621597185
1125036411604938752
1125036713636704256
1125036859971731457
1125037443286278144
1125037498516819968
1125041532191612928
1125041737091698688
1125042058400600066
1125042530649817089
1125042570227273733
1125042757268049920
1125043351902990336
1125043447046524928
1125045676616843270
1125045850215002114
1125045973426819073
1125046106315022337
1125046407612780544
1125046703944548352
1125046905912696832
1125047035718197249
1125047286181105664
1125048344307535875
1125048547496194050
1125048890913427456
1125050050915307523
1125050560695152641
1125050789855145984
1125051701625487361
1125051818772455424
1125051989417545728
1125052155168284675
1125052161749078024
1125052414736896003
1125053710692909056
1125053760739344386
1125054893583159296
1125055168331038722
1125056020055822336
1125057189650096128
1125057355207643138
1125057784729542657
1125057819043143682
1125058113361465344
1125058238330888194
1125059036913786880
1125059085978800128
1125059734145568769
1125060337470976000
1125060742846328832
1125064835568369664
1125065815521468416
1125067339811250178
1125067594715807745
1125068683267723270
1125069128874651648
1125069446840602624
1125069728031105029
1125069954988929024
1125070230798131201
1125071109664256000
1125073207806001153
1125073410365820928
1125074578672369664
1125074944663216129
1125075135998898176
1125075151161307137
1125075783754616834
1125076614314741760
1125076642609627142
1125077128867930117
1125077549569249280
1125078373137514502
1125078432390496257
1125079581696782336
1125081456139698176
1125081552331968514
1125081831676764160
1125081885808394242
1125081934907019264
1125082957708918790
1125083895387631617
1125083952077787136
1125084427489619968
1125085687940886531
1125085739027501056
1125085812180303874
1125086895309053952
1125087132572364803
1125087355470254081
1125087592481992705
1125088520601653248
1125089800627703808
1125090007042199555
1125091071107772416
1125091087125819392
1125091183351488515
1125092392242241536
1125092500979494912
1125093945707462656
1125094034689622017
1125094298830233600
1125094477880803328
1125094881192488961
1125095071177555973
1125097110662049792
1125097289318641664
1125097647424065537
1125097733331783681
1125097777216851974
1125098362506829824
1125098470296231936
1125098699082932224
1125099063521763328
1125100341215862785
1125100724134731779
1125100897250443264
1125101090503053312
1125101446133764096
1125101751818964992
1125104083017146368
1125104770061086721
1125104878462717953
1125108776124567552
1125110457063419904
1125110909347799043
1125112225646239744
1125112739343499265
1125112818456584192
1125112820763381762
1125113206056394752
1125113748941955074
1125113795775537159
1125114007612985345
1125116402917154816
1125119167714287616
1125119761090740226
1125121766886711296
1125122189697724416
1125125153363582976
1125126629854859264
1125127375455510528
1125129377187094529
1125130418200743939
1125130521711980544
1125130541567754245
1125132194475925511
1125132228151824384
1125132503830990849
1125132593060618240
1125132831498407937
1125133100252581889
1125133468088901633
1125133890480373760
1125134052334370816
1125135527550824449
1125137527411740672
1125138363168829441
1125138887360286721
1125139894819532800
1125140066538385408
1125140279592402946
1125141715852111874
1125142273702989825
1125142540678770688
1125144075865346048
1125145568920113162
1125145657453322240
1125145823623430149
1125145942250987521
1125146157900976128
1125146657857912832
1125148666740858880
1125148670452801536
1125149030953172997
1125150043995025409
1125152782703562753
1125152803255726080
1125152962203062272
1125153502823616512
1125153572516188160
1125153702187339777
1125153870924132355
1125154319756558339
1125154470432788481
1125154475931516929
1125154588502515713
1125154990010638337
1125155101776261121
1125155118381293568
1125155368013893639
1125155749796036608
1125156016319029250
1125156229918154757
1125156254228205568
1125156953255235584
1125157162945273856
1125157258453823490
1125157420400037890
1125157584657428485
1125157744879788034
1125157822197575682
1125158030155309056
1125158053555212289
1125158221440634881
1125158267951489024
1125158332057124866
1125158363254480898
1125158400193646593
1125158475452100609
1125158906559262720
1125158923722481664
1125159154786742272
1125159714348781569
1125159722359902208
1125159756526538752
1125160092670746624
1125160219829526534
1125160302553600000
1125160373349490688
1125160492157136896
1125160955246260224
1125161062804992001
1125161659318845442
1125161776717320192
1125162237558235137
1125163112930336768
1125163132761067520
1125163399430774784
1125163451742064640
1125163473992933376
1125163509732524032
1125164106611396609
1125164345653125120
1125164494508814336
1125164872679821312
1125165173214457858
1125165972128661504
1125166526636744710
1125167203890880512
1125167327274774529
1125167731865804802
1125168471052959744
1125168695200944129
1125169452725743617
1125169508937797632
1125170185487433728
1125170303460630528
1125170476932837377
1125170702821273603
1125170721439866880
1125170925538816002
1125171704383332352
1125171988387987462
1125172648764252160
1125172811314544640
1125172924699164672
1125173590180159488
1125175874897235969
1125176955769360386
1125176982952718337
1125176991295188992
1125177003366334464
1125178019507855360
1125178261087166464
1125179534364553217
1125179645035458560
1125180541223960576
1125180596869783552
1125181408400564225
1125181444618375173
1125181477325606912
1125181633231872002
1125181662864773122
1125182320850419712
1125183669461770242
1125184327933816832
1125185321258364929
1125185396294524929
1125185689539072001
1125186516010119168
1125186704476966912
1125186771770400769
1125187342350811137
1125187603832147970
1125189005216223234
1125190130237693954
1125190759915778048
1125191268185849857
1125191281833996288
1125191324909670400
1125192215100215298
1125192483204419584
1125192708031680517
1125192886230953987
1125193758100869121
1125194098581880834
1125194123928068096
1125194200323121153
1125194603546775553
1125194604708605952
1125194608961392640
1125196198158016513
1125196612177944576
1125196628363706368
1125197215620669441
1125198663964352512
1125198779433521152
1125199458495385600
1125199670647459840
1125199917197275136
1125200087716593664
1125200625006989312
1125201463565803521
1125201919620866048
1125202021206888453
1125202327269445632
1125202772826251264
1125203259994583040
1125204813162135554
1125204865242865664
1125206104500101120
1125206679878901760
1125206717044641792
1125212614601183232
1125212984425320448
1125213497401516034
1125213630167908352
1125215574844485633
1125217409403707392
1125217718783791104
1125218130844844039
1125219124525785088
1125220572793835521
1125222886564868096
1125223411859333125
1125223819650654208
1125224162140643328
1125226772688195584
1125228911288291328
1125230601085362177
1125230743599370245
1125231330650931206
1125233525089763328
1125233860374159361
1125234537162838016
1125234965258625024
1125236665319067653
1125237419660468229
1125237878055886849
1125238179886272512
1125239457035235337
1125240019701178368
1125242815716323330
1125244066332069888
1125246563146784768
1125251518444318720
1125252220117667841
1125252477513650177
1125254527169359872
1125254634996518912
1125255509416787969
1125256284729638912
1125256658123460608
1125258165807919104
1125261788520620033
1125261791964139520
1125262968361349120
1125263591941255168
1125263729279602691
1125264055181115392
1125265114209431552
1125265451053981696
1125265780264906753
1125265982224658432
1125267214171426816
1125269801419415553
1125273544236175360
1125275887543439360
1125276326540132353
1125276706623950848
1125277439863607297
1125278276170153984
1125278849393201152
1125280577744248832
1125281581692739585
1125287367852605442
1125287413151145984
1125288932999139328
1125290145438105601
1125290286152912896
1125293671954419713
1125293711204552705
1125296068072095744
1125304708179144705
1125306995253190658
1125310176653869056
1125310308757774337
1125310559640010752
1125310852217761792
1125311658853793792
1125312101822517248
1125314069529935872
1125314738336948225
1125316567858864128
1125317874162327552
1125321922018009088
1125323403156762624
1125323558337568768
1125323721336602624
1125325545800196097
1125327166818934784
1125327491109933056
1125328332776779776
1125330805734219776
1125335422639509504
1125336201135906816
1125336587028529152
1125337603304087558
1125341646315556865
1125342240195346432
1125344431060680704
1125345200975384577
1125357298501783553
1125358318514593792
1125358844123566080
1125361518487453696
1125361606949507073
1125364057282945024
1125364662768414720
1125366595226882050
1125366895564283905
1125366971388841984
1125367159968944130
1125373610221363206
1125375801841549316
1125377129259073536
1125377475134066689
1125378668908486656
1125379287094370304
1125382564502491136
1125384187853275137
1125384976197935105
1125385624234745856
1125388099553566721
1125388355838017536
1125389017439252480
1125391055174688768
1125391543563694081
1125393704561336320
1125397220931637251
1125398319923191808
1125400166876504065
1125403603362091008
1125404187842342912
1125404760922681344
1125405053563613186
1125405863408091136
1125407846856830976
1125407881946382336
1125408695507193856
1125409792372158464
1125411117461835778
1125411436182720512
1125414045933117441
1125414348120367112
1125420729904791554
1125422736560599046
1125423413311549441
1125427784229314561
1125428289361907713
1125429362625523713
1125429913874501633
1125429976495546368
1125430030824300544
1125432048951410689
1125432550288052225
1125433279098834952
1125433370874384386
1125436344346533888
1125437946352377863
1125438653013069824
1125439110863314944
1125439263573549056
1125444416955719682
1125447199033298951
1125447294671835136
1125449121324765185
1125449493909049345
1125454580861538304
1125457363308285954
1125463065758240769
1125465381928353792
1125467131125161988
1125473642740105216
1125475552666816512
1125477302039662593
1125482849359028229
1125486770102075399
1125489135144394752
1125491115606646784
1125492834528833536
1125493398448758785
1125494643641278465
1125495706926686211
1125496065036365826
1125497065264619521
1125497703041863680
1125497986900013058
1125499140706689024
1125504250254123010
1125505877870616580
1125506258868420609
1125507974200475649
1125510655765880833
1125516797661319169
1125518002290614272
1125519618959974403
1125525991986728960
1125529857591578624
1125533498473832449
1125544108527955970
1125545234887262209
1125549345397444608
1125553415642337280
1125554534481375233
1125575907027181568
1125576091190558720
1125581095930609664
1125585604161486849
1125585966708617218
1125586173601075201
1125586347769643010
1125589368276537345
1125594725317324800
1125596893235621888
1125604349336477696
1125614223155965952
1125617425473593344
1125630901872996354
1125632860302577664
1125649372685856768
1125658630475399168
1125672271840854016
1125687215483498496
1125690519223504901
1125691993819090944
1125700356711776256
1125703724335235077
1125709016003489793
1125732508677677057
1125745531542753281
1125764907746627584
1125768385760038914
1125769592029229062
1125775379254403077
1125786358969196544
1125810768434409472
1125811661196136448
1125813086370164736
1125825616912084992
1125851625845854208
1125854386100502528
1125854667911639042
1125858830993231874
1125881386550775808
1125885982052626433
1125914038087618560
1125914786338938880
1125920258680737792
1126005499592421377
1126032319616356352
1126036230741856256
1126107886046863360
1126129795882995712
1126191689507299329
1126192098783432704
1126207217206734848
1126251344011169793
1126260150355013632